7
50
0 "Estados Unidos"
1 "Canadá"
2 "México"
3 "Alemanha"
4 "Reino Unido"
5 "França"
6 "Índia"
7 "China"
8 "Síria"
9 "Brasil"
10 "Rússia"
11 "Austrália"
12 "Itália"
13 "Espanha"
14 "Turquia"
15 "Argentina"
16 "África do Sul"
17 "Japão"
18 "Coréia do Sul"
19 "Arábia Saudita"
20 "Nigéria"
21 "Egito"
22 "Suécia"
23 "Noruega"
24 "Ucrânia"
25 "Polônia"
26 "Grécia"
27 "Países Baixos"
28 "Suíça"
29 "Áustria"
30 "Bélgica"
31 "Portugal"
32 "Chile"
33 "Colômbia"
34 "Peru"
35 "Venezuela"
36 "Tailândia"
37 "Vietnã"
38 "Filipinas"
39 "Malásia"
40 "Indonésia"
41 "Cingapura"
42 "Bangladesh"
43 "Paquistão"
44 "Irã"
45 "Iraque"
46 "Israel"
47 "Nova Zelândia"
48 "Quênia"
49 "Marrocos"
153
9 13 50000
40 42 2000
5 38 3000
11 21 60000
22 44 25000
35 0 250000
37 25 15000
43 5 12000
9 33 30000
40 42 5000
11 21 80000
49 21 20000
6 32 60000
14 32 80000
22 44 15000
30 17 50000
4 16 90000
37 0 50000
37 13 60000
40 13 80000
26 19 50000
39 26 20000
47 39 15000
22 35 80000
30 36 50000
34 3 60000
25 3 70000
20 11 70000
37 0 50000
37 13 15000
40 13 50000
14 34 80000
46 19 60000
30 36 80000
14 4 5000
23 44 12000
38 7 8000
37 32 30000
25 20 12000
18 35 30000
21 12 10000
9 17 10000
9 39 20000
35 30 10000
44 9 6000
48 9 5000
4 22 7000
19 13 15000
34 12 10000
19 30 30000
6 33 15000
38 32 12000
41 34 30000
37 41 6000
43 26 5000
30 1 12000
47 18 40000
25 9 7000
37 20 10000
31 16 5000
46 39 15000
3 36 25000
21 40 12000
31 10 6000
30 18 8000
7 44 6000
22 35 5000
39 15 10000
31 41 10000
12 22 7000
8 27 15000
41 5 12000
43 34 8000
24 15 6000
8 9 12000
6 16 10000
22 5 8000
38 7 5000
9 42 10000
8 18 7000
16 41 6000
11 34 8000
3 26 60000
11 9 10000
38 36 15000
18 30 8000
1 40 7000
12 21 5000
5 31 10000
4 27 15000
23 16 8000
3 4 25000
11 42 8000
16 19 5000
10 1 12000
28 23 10000
14 15 8000
41 21 12000
1 40 6000
36 34 20000
21 1 7000
34 8 10000
38 16 5000
22 5 6000
8 36 4000
15 34 8000
1 42 5000
7 5 7000
38 36 8000
23 2 60000
6 35 20000
38 4 30000
2 40 15000
12 39 30000
14 1 15000
13 21 8000
35 14 5000
24 21 10000
15 1 3000
25 24 12000
20 12 10000
5 13 6000
22 4 5000
18 12 7000
16 10 6000
35 23 30000
10 2 20000
11 22 10000
32 25 60000
19 30 15000
35 32 7000
40 38 8000
7 9 15000
42 3 5000
4 20 10000
34 8 5000
0 15 18493
8 4 176863
33 11 149426
39 43 140292
31 42 183940
37 0 15000
46 5 10000
35 14 3000
34 3 40000
41 12 8000
1 16 20000
12 27 15000
19 11 25000
33 21 5000
49 13 15000
45 26 30000
29 12 4000
